================================================================================
BAYESIAN OPTIMIZATION RESULTS — Q-LEARNING HYPERPARAMETERS
================================================================================

Date:              2026-02-18
Total trials:      50
Best trial:        #40
Best mean perf:    0.849998

BEST HYPERPARAMETERS
--------------------------------------------------------------------------------
  learning_rate             = 0.2889171177882445
  discount_factor           = 0.8773837458131183
  epsilon_initial           = 0.5205903345735381
  epsilon_min               = 0.07621970931437196
  num_episodes              = 900000

BEST TRIAL STATISTICS
--------------------------------------------------------------------------------
  Mean performance:   0.849998
  Std  performance:   0.080504
  Min  performance:   0.673480
  Max  performance:   1.000000

ALL TRIALS
--------------------------------------------------------------------------------
   #   mean_perf          lr     gamma    eps0  eps_min  episodes
--------------------------------------------------------------------------------
  40    0.849998     0.28892    0.8774   0.521   0.0762    900000
   3    0.842273     0.22711    0.8578   0.715   0.0716    800000
  46    0.841279     0.30359    0.8407   0.475   0.0635   1000000
  37    0.840550     0.20076    0.8760   0.470   0.0721    900000
  12    0.837281     0.20176    0.9045   0.577   0.0646    900000
  21    0.837036     0.21773    0.8873   0.405   0.0882    800000
   8    0.836949     0.21765    0.8941   0.421   0.0955    800000
  32    0.836866     0.22464    0.8679   0.454   0.0952    800000
  39    0.834941     0.20735    0.8579   0.608   0.0719    900000
  35    0.834162     0.23990    0.8907   0.424   0.0846    700000
  28    0.833182     0.26463    0.8482   0.548   0.0649   1000000
   4    0.833136     0.30564    0.8265   0.575   0.0683    800000
  14    0.832702     0.24983    0.9389   0.636   0.0565    900000
  42    0.832634     0.31886    0.8637   0.436   0.0816    900000
  19    0.832197     0.23637    0.8833   0.516   0.0645    900000
  49    0.831974     0.30668    0.8518   0.742   0.0674   1000000
  15    0.831790     0.39060    0.8707   0.998   0.0707    900000
  34    0.830324     0.21912    0.8189   0.842   0.0903    800000
  36    0.829908     0.22862    0.9122   0.560   0.0794    800000
   5    0.829654     0.34466    0.8379   0.709   0.0796    700000
  48    0.828736     0.33492    0.8188   0.589   0.0586   1000000
  25    0.828225     0.24413    0.8823   0.485   0.0693    800000
  45    0.827612     0.20540    0.9044   0.573   0.0611    900000
   1    0.827456     0.22284    0.8110   0.920   0.0801    900000
  11    0.827182     0.23189    0.9004   0.783   0.0973    800000
  20    0.827116     0.27883    0.9133   0.766   0.0563    800000
  26    0.827112     0.21042    0.8068   0.741   0.0753    700000
   2    0.826772     0.20287    0.9843   0.899   0.0606    700000
  43    0.826367     0.29105    0.8304   0.525   0.0702   1000000
  27    0.826199     0.22842    0.9517   0.624   0.0930    900000
   0    0.826178     0.25929    0.9806   0.839   0.0799    700000
  41    0.825505     0.29341    0.8725   0.453   0.0765    900000
  29    0.825372     0.21171    0.9223   0.675   0.0815    700000
  10    0.823954     0.25754    0.9330   0.596   0.0509    900000
  17    0.821726     0.27538    0.8714   0.659   0.0904    900000
  22    0.821491     0.21830    0.8513   0.539   0.0885    800000
  23    0.821070     0.20133    0.8820   0.404   0.0863    800000
  18    0.820672     0.21063    0.9592   0.790   0.0728    800000
   9    0.818446     0.31657    0.8592   0.712   0.0773    700000
  24    0.816773     0.22327    0.9132   0.658   0.0739    900000
  38    0.816478     0.20008    0.8432   0.477   0.0663    900000
   6    0.816340     0.30473    0.8324   0.439   0.0974   1000000
  30    0.814207     0.24913    0.9666   0.842   0.0595    800000
  31    0.813767     0.21627    0.8916   0.403   0.0938    800000
  13    0.812221     0.20152    0.9039   0.583   0.0673   1000000
   7    0.811976     0.35025    0.8579   0.459   0.0842    800000
  47    0.805075     0.32716    0.8395   0.500   0.0636   1000000
  16    0.802292     0.23756    0.9286   0.508   0.0621   1000000
  33    0.802139     0.20835    0.9003   0.490   0.0991    900000
  44    0.799956     0.26430    0.8807   0.709   0.0784    900000
