================================================================================
BAYESIAN OPTIMIZATION RESULTS — Q-LEARNING HYPERPARAMETERS
================================================================================

Date:              2026-02-20
Total trials:      50
Best trial:        #37
Best mean perf:    0.839586

BEST HYPERPARAMETERS
--------------------------------------------------------------------------------
  learning_rate             = 0.35965545888114453
  discount_factor           = 0.8650520580454709
  epsilon_initial           = 0.6791201210873763
  epsilon_min               = 0.08483331103075126
  num_episodes              = 900000

BEST TRIAL STATISTICS
--------------------------------------------------------------------------------
  Mean performance:   0.839586
  Std  performance:   0.079003
  Min  performance:   0.667448
  Max  performance:   1.000000

ALL TRIALS
--------------------------------------------------------------------------------
   #   mean_perf          lr     gamma    eps0  eps_min  episodes
--------------------------------------------------------------------------------
  37    0.839586     0.35966    0.8651   0.679   0.0848    900000
  41    0.839179     0.36991    0.8873   0.742   0.0872   1000000
  40    0.836354     0.10004    0.8836   0.858   0.0865   1000000
  48    0.836235     0.29670    0.8964   0.588   0.0848    900000
   8    0.835912     0.30669    0.8579   0.459   0.0842    900000
  23    0.835890     0.10329    0.9089   0.772   0.0658    900000
  44    0.835580     0.31853    0.8869   0.692   0.0990   1000000
   3    0.835159     0.10289    0.9843   0.899   0.0606    800000
  34    0.834521     0.35612    0.8587   0.672   0.0692    900000
  46    0.834395     0.27639    0.9183   0.733   0.0815    900000
  18    0.833791     0.19300    0.9037   0.776   0.0661    900000
  21    0.832818     0.13944    0.8740   0.485   0.0821   1000000
  36    0.832673     0.26631    0.8547   0.551   0.0790    900000
   1    0.831399     0.16807    0.9806   0.839   0.0799    800000
  32    0.829528     0.19307    0.9073   0.780   0.0678    900000
  11    0.829485     0.38714    0.9330   0.550   0.0509    900000
  39    0.827833     0.12088    0.8264   0.805   0.0839    800000
   4    0.827359     0.12895    0.8578   0.715   0.0716    800000
  38    0.827327     0.32787    0.8442   0.474   0.0930    800000
  28    0.826340     0.13236    0.9454   0.631   0.0645   1000000
  19    0.826187     0.20225    0.9616   0.930   0.0583    800000
  20    0.825618     0.33386    0.9518   0.629   0.0730    900000
  24    0.825416     0.10183    0.9105   0.892   0.0559    900000
  17    0.825308     0.31032    0.9314   0.656   0.0869   1000000
   2    0.823232     0.12414    0.8110   0.920   0.0801   1000000
  42    0.822955     0.35575    0.8901   0.850   0.0868   1000000
  33    0.822908     0.21604    0.8982   0.737   0.0643    900000
  35    0.820873     0.35325    0.8189   0.659   0.0707   1000000
  14    0.820699     0.29735    0.9564   0.583   0.0625   1000000
  47    0.820553     0.39177    0.8681   0.859   0.0885   1000000
   5    0.819932     0.23355    0.8265   0.575   0.0683    900000
  15    0.819847     0.16176    0.8862   0.827   0.0890    900000
  27    0.816744     0.11458    0.8768   0.878   0.0837    900000
  43    0.815368     0.37358    0.8669   0.749   0.0934   1000000
   7    0.815102     0.23216    0.8324   0.439   0.0974   1000000
  13    0.814433     0.39525    0.9173   0.837   0.0911    900000
  26    0.813513     0.14411    0.9291   0.758   0.0701    900000
  30    0.813218     0.17630    0.9653   0.818   0.0765    800000
  10    0.813145     0.25054    0.8592   0.712   0.0773    800000
  49    0.812881     0.29091    0.8941   0.589   0.0846    900000
  29    0.810675     0.27476    0.9776   0.949   0.0740    800000
   6    0.810235     0.29698    0.8379   0.709   0.0796    800000
  45    0.809634     0.10908    0.8812   0.406   0.0868   1000000
  50    0.809586     0.25023    0.8478   0.509   0.0898   1000000
  25    0.808727     0.11048    0.8467   0.989   0.0621    800000
   9    0.807204     0.11843    0.8941   0.421   0.0955    800000
  12    0.804344     0.16108    0.9849   0.985   0.0597    900000
  22    0.803365     0.19673    0.8005   0.776   0.0662    900000
  31    0.799956     0.14770    0.9726   0.882   0.0591    900000
  16    0.799075     0.10477    0.8717   0.492   0.0539    800000
