9.530000000000000000e+02 4.730000000000000000e+02
5.230000000000000000e+02 5.970000000000000000e+02
8.080000000000000000e+02 5.850000000000000000e+02
3.950000000000000000e+02 5.970000000000000000e+02
7.360000000000000000e+02 5.900000000000000000e+02
6.140000000000000000e+02 6.050000000000000000e+02
8.620000000000000000e+02 4.620000000000000000e+02
8.740000000000000000e+02 6.240000000000000000e+02
3.210000000000000000e+02 5.130000000000000000e+02
6.800000000000000000e+02 6.710000000000000000e+02
6.960000000000000000e+02 7.150000000000000000e+02
5.580000000000000000e+02 5.020000000000000000e+02
7.020000000000000000e+02 4.950000000000000000e+02
6.100000000000000000e+02 4.270000000000000000e+02
7.800000000000000000e+02 6.810000000000000000e+02
3.890000000000000000e+02 6.290000000000000000e+02
7.860000000000000000e+02 6.260000000000000000e+02
6.980000000000000000e+02 5.770000000000000000e+02
5.940000000000000000e+02 4.680000000000000000e+02
5.270000000000000000e+02 3.330000000000000000e+02
6.330000000000000000e+02 4.970000000000000000e+02
6.330000000000000000e+02 5.330000000000000000e+02
8.170000000000000000e+02 4.930000000000000000e+02
4.490000000000000000e+02 5.100000000000000000e+02
4.530000000000000000e+02 4.520000000000000000e+02
