4.990000000000000000e+02 4.660000000000000000e+02
9.630000000000000000e+02 5.660000000000000000e+02
8.150000000000000000e+02 5.380000000000000000e+02
8.930000000000000000e+02 4.990000000000000000e+02
4.540000000000000000e+02 4.820000000000000000e+02
6.770000000000000000e+02 4.780000000000000000e+02
2.680000000000000000e+02 5.060000000000000000e+02
6.060000000000000000e+02 5.760000000000000000e+02
3.550000000000000000e+02 5.560000000000000000e+02
2.160000000000000000e+02 4.300000000000000000e+02
5.380000000000000000e+02 9.260000000000000000e+02
4.130000000000000000e+02 6.670000000000000000e+02
7.950000000000000000e+02 3.690000000000000000e+02
8.140000000000000000e+02 4.240000000000000000e+02
5.720000000000000000e+02 6.470000000000000000e+02
4.980000000000000000e+02 5.780000000000000000e+02
2.930000000000000000e+02 9.990000000000000000e+02
4.670000000000000000e+02 5.440000000000000000e+02
7.260000000000000000e+02 5.470000000000000000e+02
8.110000000000000000e+02 6.250000000000000000e+02
5.600000000000000000e+02 5.450000000000000000e+02
3.690000000000000000e+02 1.016000000000000000e+03
7.990000000000000000e+02 4.690000000000000000e+02
7.570000000000000000e+02 6.470000000000000000e+02
3.550000000000000000e+02 4.680000000000000000e+02
