2.070000000000000000e+02 3.620000000000000000e+02
6.420000000000000000e+02 4.040000000000000000e+02
3.300000000000000000e+02 4.720000000000000000e+02
9.160000000000000000e+02 9.710000000000000000e+02
5.020000000000000000e+02 2.170000000000000000e+02
4.040000000000000000e+02 6.340000000000000000e+02
5.160000000000000000e+02 3.090000000000000000e+02
5.860000000000000000e+02 4.340000000000000000e+02
7.050000000000000000e+02 9.450000000000000000e+02
3.640000000000000000e+02 5.260000000000000000e+02
8.210000000000000000e+02 1.007000000000000000e+03
5.190000000000000000e+02 7.430000000000000000e+02
3.030000000000000000e+02 5.790000000000000000e+02
8.820000000000000000e+02 9.810000000000000000e+02
1.950000000000000000e+02 5.400000000000000000e+02
5.880000000000000000e+02 5.860000000000000000e+02
6.690000000000000000e+02 6.200000000000000000e+02
5.180000000000000000e+02 6.230000000000000000e+02
2.370000000000000000e+02 4.580000000000000000e+02
7.620000000000000000e+02 1.010000000000000000e+03
4.800000000000000000e+02 5.860000000000000000e+02
7.010000000000000000e+02 5.790000000000000000e+02
4.370000000000000000e+02 5.450000000000000000e+02
2.560000000000000000e+02 5.340000000000000000e+02
7.150000000000000000e+02 6.590000000000000000e+02
