3.980000000000000000e+02 5.290000000000000000e+02
6.910000000000000000e+02 6.970000000000000000e+02
3.980000000000000000e+02 5.760000000000000000e+02
8.140000000000000000e+02 5.450000000000000000e+02
7.100000000000000000e+02 4.630000000000000000e+02
4.510000000000000000e+02 9.790000000000000000e+02
4.680000000000000000e+02 3.980000000000000000e+02
7.520000000000000000e+02 3.950000000000000000e+02
4.310000000000000000e+02 4.590000000000000000e+02
6.990000000000000000e+02 5.160000000000000000e+02
6.720000000000000000e+02 3.420000000000000000e+02
6.770000000000000000e+02 5.600000000000000000e+02
6.230000000000000000e+02 6.230000000000000000e+02
6.070000000000000000e+02 5.660000000000000000e+02
6.050000000000000000e+02 5.140000000000000000e+02
7.300000000000000000e+02 9.950000000000000000e+02
6.530000000000000000e+02 9.950000000000000000e+02
7.390000000000000000e+02 6.090000000000000000e+02
4.640000000000000000e+02 5.010000000000000000e+02
7.070000000000000000e+02 6.640000000000000000e+02
5.090000000000000000e+02 9.880000000000000000e+02
4.530000000000000000e+02 5.740000000000000000e+02
7.030000000000000000e+02 6.050000000000000000e+02
5.690000000000000000e+02 3.710000000000000000e+02
7.860000000000000000e+02 5.970000000000000000e+02
