8.170000000000000000e+02 3.240000000000000000e+02
7.720000000000000000e+02 5.040000000000000000e+02
6.440000000000000000e+02 4.970000000000000000e+02
3.340000000000000000e+02 4.930000000000000000e+02
7.380000000000000000e+02 6.090000000000000000e+02
6.540000000000000000e+02 9.910000000000000000e+02
7.790000000000000000e+02 4.700000000000000000e+02
5.800000000000000000e+02 7.050000000000000000e+02
8.770000000000000000e+02 5.720000000000000000e+02
9.590000000000000000e+02 6.270000000000000000e+02
6.330000000000000000e+02 3.830000000000000000e+02
4.320000000000000000e+02 4.910000000000000000e+02
7.400000000000000000e+02 6.610000000000000000e+02
7.180000000000000000e+02 4.960000000000000000e+02
2.210000000000000000e+02 5.600000000000000000e+02
6.490000000000000000e+02 5.390000000000000000e+02
8.450000000000000000e+02 5.120000000000000000e+02
6.920000000000000000e+02 5.980000000000000000e+02
9.400000000000000000e+02 6.690000000000000000e+02
3.030000000000000000e+02 5.080000000000000000e+02
6.280000000000000000e+02 5.790000000000000000e+02
4.070000000000000000e+02 5.790000000000000000e+02
3.220000000000000000e+02 6.800000000000000000e+02
5.450000000000000000e+02 5.920000000000000000e+02
7.310000000000000000e+02 7.300000000000000000e+02
