8.810000000000000000e+02 6.800000000000000000e+02
2.980000000000000000e+02 2.930000000000000000e+02
3.780000000000000000e+02 5.650000000000000000e+02
3.190000000000000000e+02 8.510000000000000000e+02
2.120000000000000000e+02 6.210000000000000000e+02
3.190000000000000000e+02 4.040000000000000000e+02
6.520000000000000000e+02 6.660000000000000000e+02
6.010000000000000000e+02 8.260000000000000000e+02
3.870000000000000000e+02 3.720000000000000000e+02
4.480000000000000000e+02 4.880000000000000000e+02
8.470000000000000000e+02 5.490000000000000000e+02
1.710000000000000000e+02 6.060000000000000000e+02
8.660000000000000000e+02 4.320000000000000000e+02
5.560000000000000000e+02 4.510000000000000000e+02
5.620000000000000000e+02 7.360000000000000000e+02
8.010000000000000000e+02 4.840000000000000000e+02
3.700000000000000000e+02 7.830000000000000000e+02
7.830000000000000000e+02 5.510000000000000000e+02
7.000000000000000000e+02 4.190000000000000000e+02
4.800000000000000000e+02 5.030000000000000000e+02
7.500000000000000000e+02 4.720000000000000000e+02
8.380000000000000000e+02 6.150000000000000000e+02
4.080000000000000000e+02 4.610000000000000000e+02
8.980000000000000000e+02 5.900000000000000000e+02
5.580000000000000000e+02 5.900000000000000000e+02
