2.700000000000000000e+02 6.740000000000000000e+02
3.170000000000000000e+02 5.570000000000000000e+02
1.820000000000000000e+02 4.980000000000000000e+02
6.780000000000000000e+02 4.950000000000000000e+02
5.060000000000000000e+02 5.290000000000000000e+02
7.140000000000000000e+02 5.710000000000000000e+02
1.410000000000000000e+02 4.710000000000000000e+02
6.960000000000000000e+02 6.410000000000000000e+02
6.430000000000000000e+02 5.560000000000000000e+02
5.910000000000000000e+02 4.260000000000000000e+02
1.550000000000000000e+02 5.430000000000000000e+02
4.770000000000000000e+02 7.100000000000000000e+02
3.330000000000000000e+02 7.040000000000000000e+02
2.230000000000000000e+02 5.290000000000000000e+02
6.170000000000000000e+02 7.420000000000000000e+02
6.460000000000000000e+02 4.220000000000000000e+02
3.580000000000000000e+02 5.820000000000000000e+02
7.180000000000000000e+02 5.180000000000000000e+02
7.560000000000000000e+02 3.710000000000000000e+02
3.520000000000000000e+02 4.980000000000000000e+02
5.550000000000000000e+02 5.270000000000000000e+02
4.220000000000000000e+02 6.580000000000000000e+02
7.590000000000000000e+02 5.000000000000000000e+02
2.280000000000000000e+02 4.020000000000000000e+02
3.650000000000000000e+02 6.840000000000000000e+02
