2.760000000000000000e+02 5.260000000000000000e+02
3.790000000000000000e+02 6.920000000000000000e+02
7.270000000000000000e+02 7.000000000000000000e+02
7.830000000000000000e+02 5.610000000000000000e+02
3.370000000000000000e+02 5.960000000000000000e+02
3.730000000000000000e+02 5.430000000000000000e+02
3.300000000000000000e+02 5.530000000000000000e+02
7.170000000000000000e+02 6.100000000000000000e+02
4.070000000000000000e+02 8.330000000000000000e+02
4.390000000000000000e+02 5.010000000000000000e+02
5.530000000000000000e+02 5.120000000000000000e+02
8.660000000000000000e+02 6.230000000000000000e+02
4.490000000000000000e+02 6.780000000000000000e+02
7.310000000000000000e+02 4.510000000000000000e+02
4.690000000000000000e+02 9.680000000000000000e+02
6.540000000000000000e+02 4.130000000000000000e+02
3.720000000000000000e+02 1.002000000000000000e+03
6.610000000000000000e+02 5.950000000000000000e+02
9.220000000000000000e+02 6.180000000000000000e+02
7.390000000000000000e+02 1.000000000000000000e+03
5.120000000000000000e+02 5.570000000000000000e+02
4.220000000000000000e+02 3.840000000000000000e+02
5.090000000000000000e+02 6.420000000000000000e+02
2.830000000000000000e+02 7.450000000000000000e+02
6.760000000000000000e+02 4.920000000000000000e+02
