5.680000000000000000e+02 6.410000000000000000e+02
6.040000000000000000e+02 7.450000000000000000e+02
4.110000000000000000e+02 7.370000000000000000e+02
8.240000000000000000e+02 4.060000000000000000e+02
3.150000000000000000e+02 7.060000000000000000e+02
7.900000000000000000e+02 1.019000000000000000e+03
9.180000000000000000e+02 4.400000000000000000e+02
9.810000000000000000e+02 5.050000000000000000e+02
4.070000000000000000e+02 6.510000000000000000e+02
5.360000000000000000e+02 4.560000000000000000e+02
3.570000000000000000e+02 5.690000000000000000e+02
5.050000000000000000e+02 6.370000000000000000e+02
8.240000000000000000e+02 3.670000000000000000e+02
5.910000000000000000e+02 5.280000000000000000e+02
5.020000000000000000e+02 5.770000000000000000e+02
4.040000000000000000e+02 6.180000000000000000e+02
5.010000000000000000e+02 6.820000000000000000e+02
4.700000000000000000e+02 4.960000000000000000e+02
8.810000000000000000e+02 6.460000000000000000e+02
4.490000000000000000e+02 3.490000000000000000e+02
7.600000000000000000e+02 1.005000000000000000e+03
6.000000000000000000e+02 6.600000000000000000e+02
8.360000000000000000e+02 9.920000000000000000e+02
3.570000000000000000e+02 4.690000000000000000e+02
3.620000000000000000e+02 6.570000000000000000e+02
