6.170000000000000000e+02 8.040000000000000000e+02
4.450000000000000000e+02 9.740000000000000000e+02
6.010000000000000000e+02 2.970000000000000000e+02
5.920000000000000000e+02 9.690000000000000000e+02
3.320000000000000000e+02 5.170000000000000000e+02
2.330000000000000000e+02 4.600000000000000000e+02
5.350000000000000000e+02 5.290000000000000000e+02
5.350000000000000000e+02 9.560000000000000000e+02
5.860000000000000000e+02 4.700000000000000000e+02
3.980000000000000000e+02 4.800000000000000000e+02
8.140000000000000000e+02 6.770000000000000000e+02
4.210000000000000000e+02 6.670000000000000000e+02
8.250000000000000000e+02 4.620000000000000000e+02
5.560000000000000000e+02 5.880000000000000000e+02
2.720000000000000000e+02 5.260000000000000000e+02
7.710000000000000000e+02 7.710000000000000000e+02
5.400000000000000000e+02 4.800000000000000000e+02
4.360000000000000000e+02 3.330000000000000000e+02
2.860000000000000000e+02 4.840000000000000000e+02
7.780000000000000000e+02 4.490000000000000000e+02
8.560000000000000000e+02 5.250000000000000000e+02
1.017000000000000000e+03 6.230000000000000000e+02
5.970000000000000000e+02 6.490000000000000000e+02
2.260000000000000000e+02 7.240000000000000000e+02
3.070000000000000000e+02 1.015000000000000000e+03
