================================================================================
BAYESIAN OPTIMIZATION RESULTS — Q-LEARNING HYPERPARAMETERS
================================================================================

Date:              2026-02-12
Total trials:      102
Best trial:        #97
Best mean perf:    0.842855

BEST HYPERPARAMETERS
--------------------------------------------------------------------------------
  learning_rate             = 0.3006658240741172
  discount_factor           = 0.8989957380285539
  epsilon_initial           = 0.49148318724777224
  epsilon_min               = 0.07095544578432121
  num_episodes              = 40000

BEST TRIAL STATISTICS
--------------------------------------------------------------------------------
  Mean performance:   0.842855
  Std  performance:   0.080447
  Min  performance:   0.601644
  Max  performance:   1.000000

ALL TRIALS
--------------------------------------------------------------------------------
   #   mean_perf          lr     gamma    eps0  eps_min  episodes
--------------------------------------------------------------------------------
  97    0.842855     0.30067    0.8990   0.491   0.0710     40000
  18    0.839535     0.06649    0.9606   0.734   0.0124     35000
  10    0.838807     0.45595    0.9330   0.475   0.0018     30000
  98    0.838222     0.39802    0.8555   0.351   0.0823     40000
  15    0.835615     0.05029    0.9068   0.433   0.0188     35000
  87    0.834962     0.39196    0.8843   0.364   0.0633     30000
  39    0.834156     0.08136    0.8695   0.705   0.0665     35000
  33    0.832612     0.08910    0.9284   0.391   0.0166     40000
  57    0.831660     0.05067    0.8971   0.635   0.0600     35000
  43    0.831525     0.10619    0.8898   0.530   0.0629     40000
  16    0.831410     0.04931    0.9015   0.405   0.0202     35000
  31    0.831050     0.04934    0.9051   0.438   0.0201     35000
  67    0.831009     0.04460    0.9025   0.675   0.0770     30000
  65    0.830740     0.09637    0.8735   0.486   0.0565     40000
  74    0.830602     0.08204    0.9796   0.357   0.0237     35000
  68    0.829997     0.07269    0.8947   0.517   0.0159     40000
  70    0.829679     0.17707    0.9545   0.449   0.0615     40000
  55    0.829586     0.10651    0.9121   0.483   0.0695     35000
  63    0.829374     0.08100    0.8863   0.566   0.0651     40000
  90    0.829237     0.44531    0.8909   0.516   0.0640     30000
  61    0.828511     0.06532    0.8614   0.818   0.0463     25000
  22    0.828082     0.05744    0.9173   0.430   0.0267     40000
  27    0.827763     0.17333    0.8815   0.722   0.0160     40000
  13    0.826854     0.43796    0.9311   0.499   0.0004     30000
  76    0.826405     0.05435    0.9000   0.469   0.0201     35000
  36    0.826100     0.18600    0.9697   0.840   0.0411     40000
  95    0.826059     0.11742    0.8860   0.715   0.0071     35000
  11    0.825935     0.38860    0.9320   0.468   0.0086     30000
  51    0.825884     0.25921    0.9495   0.784   0.0233     40000
  72    0.825846     0.12676    0.9255   0.557   0.0027     30000
 101    0.825447     0.37842    0.8526   0.302   0.0715     40000
   7    0.825371     0.23629    0.8579   0.368   0.0684     20000
  93    0.825339     0.04971    0.9125   0.453   0.0256     35000
  26    0.825338     0.09341    0.9416   0.600   0.0426     30000
  78    0.825228     0.09468    0.9094   0.720   0.0697     40000
  56    0.825068     0.07162    0.9372   0.410   0.0722     40000
  69    0.824664     0.49885    0.8494   0.388   0.0522     35000
  38    0.824663     0.12842    0.9456   0.788   0.0484     30000
   4    0.824346     0.10953    0.8265   0.505   0.0366     20000
  60    0.824323     0.04268    0.9091   0.739   0.0038     35000
  92    0.823573     0.27203    0.9468   0.424   0.0551     40000
  25    0.823344     0.06341    0.9705   0.419   0.0819     35000
  94    0.822208     0.04210    0.9029   0.659   0.0293     35000
  99    0.822134     0.40628    0.8370   0.346   0.0819     40000
  19    0.822046     0.07150    0.9605   0.766   0.0123     35000
  82    0.821910     0.05981    0.9299   0.768   0.0215     40000
  80    0.821020     0.03921    0.9406   0.384   0.0056     30000
  73    0.820977     0.04864    0.9151   0.406   0.0175     35000
  48    0.820310     0.34841    0.9221   0.459   0.0548     35000
  12    0.820196     0.48532    0.9420   0.500   0.0034     30000
  64    0.820190     0.05393    0.9204   0.438   0.0605     35000
  88    0.819868     0.36059    0.8833   0.375   0.0674     10000
  14    0.819699     0.26639    0.9304   0.569   0.0209     40000
  53    0.818896     0.10447    0.8919   0.532   0.0648     40000
  91    0.818721     0.42294    0.8785   0.328   0.0735     25000
  45    0.818443     0.11878    0.9358   0.338   0.0871     40000
  30    0.818239     0.31007    0.9507   0.536   0.0001     30000
  84    0.818131     0.04745    0.9068   0.432   0.0200     35000
  34    0.817099     0.09066    0.9232   0.460   0.0153     40000
  21    0.816777     0.07573    0.8813   0.738   0.0139     35000
  44    0.815896     0.03496    0.8730   0.704   0.0784     35000
  79    0.815500     0.03727    0.8639   0.990   0.0135     20000
 100    0.814940     0.32611    0.8688   0.553   0.0881     40000
  83    0.814856     0.05200    0.9028   0.443   0.0183     35000
  75    0.814545     0.03138    0.8880   0.315   0.0112     40000
  81    0.814254     0.06545    0.8787   0.337   0.0273     35000
  32    0.813979     0.04661    0.8837   0.386   0.0247     35000
  71    0.813257     0.14652    0.8780   0.740   0.0357     35000
  41    0.812907     0.08617    0.8507   0.638   0.0666     35000
  89    0.812344     0.33477    0.8684   0.362   0.0583     30000
  52    0.811970     0.21989    0.9272   0.540   0.0511     30000
  58    0.810658     0.05258    0.8961   0.691   0.0572     35000
  29    0.810525     0.03555    0.9766   0.308   0.0076     25000
   6    0.810064     0.10770    0.8324   0.346   0.0949     40000
  23    0.808316     0.15372    0.9584   0.582   0.0096     35000
   9    0.807866     0.13354    0.8592   0.664   0.0547     10000
  66    0.807097     0.06698    0.9646   0.597   0.0994     35000
  54    0.805559     0.14610    0.8897   0.503   0.0616     40000
  96    0.803762     0.06096    0.9053   0.401   0.0622     35000
  85    0.803680     0.07538    0.9185   0.479   0.0146     35000
  35    0.803679     0.02109    0.9867   0.619   0.0073     40000
  50    0.801239     0.04078    0.8422   0.906   0.0123     30000
  62    0.800459     0.03312    0.8995   0.625   0.0298     35000
  28    0.795531     0.02904    0.9143   0.840   0.0278     35000
  49    0.795024     0.05809    0.8677   0.674   0.0181     15000
  77    0.787575     0.02562    0.9342   0.415   0.0092     30000
  17    0.772221     0.03801    0.9000   0.577   0.0314     25000
  40    0.770104     0.06055    0.8736   0.699   0.0739     20000
  24    0.764372     0.02817    0.9154   0.754   0.0035     25000
  59    0.763029     0.02320    0.8209   0.646   0.0113     30000
   0    0.756348     0.04328    0.9806   0.812   0.0599     10000
  20    0.746321     0.02841    0.9584   0.968   0.0333     25000
   5    0.719600     0.21577    0.8379   0.660   0.0592      5000
   3    0.717265     0.02049    0.8578   0.667   0.0432     15000
   1    0.694092     0.01841    0.8110   0.906   0.0601     30000
   8    0.681935     0.01612    0.8941   0.324   0.0909     15000
   2    0.665522     0.01084    0.9843   0.883   0.0212     10000
  37    0.651835     0.01246    0.8018   0.359   0.0368     30000
  47    0.593229     0.07838    0.9063   0.386   0.0060      5000
  86    0.480435     0.01469    0.8953   0.398   0.0012     25000
