================================================================================
BAYESIAN OPTIMIZATION RESULTS — Q-LEARNING HYPERPARAMETERS
================================================================================

Date:              2026-02-20
Total trials:      80
Best trial:        #1
Best mean perf:    0.846555

BEST HYPERPARAMETERS
--------------------------------------------------------------------------------
  learning_rate             = 0.2592852466099094
  discount_factor           = 0.9806357182178841
  epsilon_initial           = 0.839196365086843
  epsilon_min               = 0.07993292420985183
  num_episodes              = 860000
  warmup_ratio              = 0.02403950683025824
  target_ratio              = 0.5174250836504598
  penalty_coeff             = 0.21766241123453672

BEST TRIAL STATISTICS
--------------------------------------------------------------------------------
  Mean performance:   0.846555
  Std  performance:   0.072841
  Min  performance:   0.669505
  Max  performance:   0.975560

ALL TRIALS
--------------------------------------------------------------------------------
   #   mean_perf          lr     gamma    eps0  eps_min  episodes  warmup  target      beta
----------------------------------------------------------------------------------------------------
   1    0.846555     0.25929    0.9806   0.839   0.0799    860000   0.024   0.517   0.21766
  23    0.845439     0.23500    0.8528   0.705   0.0815    940000   0.027   0.660   0.08389
  20    0.840206     0.23047    0.8378   0.892   0.0611    920000   0.013   0.603   0.28301
  71    0.837420     0.23597    0.8481   0.807   0.0841    830000   0.099   0.674   0.03344
  24    0.833673     0.22730    0.8243   0.750   0.0815    900000   0.024   0.664   0.11554
  13    0.833578     0.33154    0.8977   0.641   0.0768   1010000   0.032   0.617   0.06710
  50    0.832645     0.21404    0.8272   0.814   0.0817    860000   0.036   0.740   0.03281
  49    0.832618     0.24109    0.8719   0.722   0.0739    910000   0.048   0.533   0.11454
  53    0.832160     0.22523    0.8262   0.760   0.0793   1140000   0.029   0.746   0.03147
   3    0.831981     0.24695    0.8997   0.659   0.0646   1050000   0.023   0.588   0.00975
  69    0.830724     0.24737    0.9106   0.852   0.0630    920000   0.041   0.627   0.05267
  34    0.829716     0.24953    0.8120   0.772   0.0780    960000   0.022   0.665   0.09788
  11    0.829670     0.37198    0.8011   0.794   0.0509    800000   0.049   0.505   0.43109
  41    0.828755     0.22224    0.8122   0.999   0.0813    890000   0.033   0.643   0.03318
  73    0.827104     0.22366    0.8363   0.865   0.0883    810000   0.079   0.648   0.48039
  74    0.826598     0.23569    0.8519   0.790   0.0843    840000   0.013   0.678   0.01968
  35    0.825607     0.22746    0.8328   0.848   0.0999    900000   0.031   0.701   0.18998
  54    0.825525     0.21650    0.8379   0.669   0.0851    820000   0.021   0.730   0.06396
  27    0.825473     0.24095    0.8500   0.794   0.0852    880000   0.011   0.712   0.16993
  18    0.825368     0.27505    0.9252   0.738   0.0587   1090000   0.028   0.563   0.18790
  68    0.824663     0.21804    0.8653   0.717   0.0803    860000   0.043   0.598   0.26597
  75    0.824624     0.24824    0.8610   0.891   0.0795    860000   0.019   0.658   0.02717
  64    0.822092     0.22521    0.8701   0.454   0.0565    960000   0.037   0.579   0.09702
  30    0.821514     0.22096    0.9140   0.869   0.0546    910000   0.029   0.563   0.04393
  80    0.820692     0.20415    0.8249   0.690   0.0543    810000   0.046   0.510   0.32932
  70    0.820472     0.22886    0.8905   0.575   0.0863    950000   0.023   0.614   0.11162
  78    0.820217     0.21223    0.8710   0.916   0.0946    930000   0.027   0.709   0.09185
  32    0.820201     0.23077    0.8208   0.733   0.0815    890000   0.026   0.657   0.13666
  55    0.819815     0.21462    0.8582   0.873   0.0893    850000   0.039   0.610   0.01137
  44    0.819763     0.20780    0.9410   0.654   0.0789   1010000   0.015   0.590   0.15356
  25    0.819181     0.22722    0.8564   0.931   0.0518    940000   0.024   0.658   0.48801
   6    0.819022     0.21765    0.8941   0.421   0.0955    900000   0.070   0.594   0.02533
  16    0.818614     0.39956    0.8676   0.600   0.0700   1000000   0.061   0.539   0.13955
  57    0.818338     0.25500    0.8073   0.850   0.0809    930000   0.062   0.552   0.03991
  48    0.818115     0.26198    0.9528   0.546   0.0917    970000   0.014   0.573   0.06028
  26    0.817322     0.26681    0.8189   0.839   0.0617    800000   0.044   0.511   0.22816
  76    0.816811     0.23234    0.8813   0.740   0.0501    870000   0.074   0.634   0.05307
  36    0.816401     0.21954    0.8477   0.701   0.0841    860000   0.018   0.634   0.25755
  66    0.815255     0.26132    0.8405   0.830   0.0735    890000   0.059   0.544   0.07306
  10    0.815170     0.20077    0.9549   0.824   0.0865   1110000   0.017   0.608   0.00205
  45    0.814823     0.25242    0.8434   0.687   0.0834   1040000   0.050   0.620   0.37070
  31    0.814754     0.20053    0.8798   0.783   0.0689    840000   0.035   0.604   0.02618
  28    0.814277     0.25721    0.8845   0.934   0.0801    830000   0.079   0.528   0.08065
  29    0.813727     0.28762    0.8467   0.701   0.0718    950000   0.023   0.583   0.29474
  52    0.813450     0.20867    0.8100   0.802   0.0826    870000   0.035   0.777   0.02571
  40    0.813248     0.30199    0.8668   0.874   0.0651   1200000   0.038   0.720   0.05289
  63    0.812364     0.23161    0.8526   0.675   0.0789    880000   0.046   0.514   0.12800
  67    0.811933     0.35774    0.8263   0.772   0.0778   1060000   0.031   0.525   0.04694
   8    0.810924     0.21265    0.8372   0.427   0.0663    950000   0.034   0.749   0.00918
   2    0.810448     0.30338    0.9345   0.412   0.0985   1140000   0.029   0.555   0.00313
  33    0.809892     0.23611    0.8222   0.689   0.0949    930000   0.020   0.680   0.11446
  12    0.809701     0.25224    0.9880   0.654   0.0678   1040000   0.046   0.514   0.07681
  43    0.809623     0.23747    0.9122   0.533   0.0754   1070000   0.032   0.624   0.09936
  77    0.809173     0.22082    0.8335   0.766   0.0773    900000   0.069   0.688   0.00378
  62    0.808615     0.23811    0.8766   0.729   0.0744    910000   0.049   0.536   0.11725
  21    0.808514     0.23391    0.8008   0.895   0.0592    920000   0.015   0.574   0.22670
  14    0.807882     0.34151    0.8756   0.832   0.0777    970000   0.068   0.800   0.12052
  59    0.806387     0.33258    0.9270   0.751   0.0614    900000   0.015   0.501   0.00145
  15    0.806088     0.34261    0.9260   0.744   0.0808    870000   0.037   0.639   0.06916
  61    0.805998     0.29509    0.9648   0.784   0.0672    940000   0.029   0.641   0.23049
  60    0.805645     0.24468    0.8177   0.715   0.0704    850000   0.034   0.524   0.08131
  38    0.805330     0.21151    0.9713   0.596   0.0919   1020000   0.026   0.691   0.29320
  39    0.804628     0.24537    0.8314   0.760   0.0748    920000   0.018   0.668   0.00672
  22    0.800829     0.26115    0.8371   0.895   0.0729    870000   0.010   0.621   0.36762
   9    0.799054     0.24300    0.9031   0.485   0.0901    830000   0.099   0.732   0.00344
  72    0.798102     0.24103    0.8471   0.815   0.0820    830000   0.097   0.673   0.03455
  42    0.796221     0.27991    0.8880   0.640   0.0775   1000000   0.021   0.604   0.06200
  56    0.795752     0.23213    0.8292   0.808   0.0763    880000   0.027   0.698   0.15293
  79    0.792199     0.31555    0.8171   0.947   0.0837    840000   0.017   0.718   0.14185
   4    0.791838     0.27436    0.9492   0.520   0.0757   1040000   0.014   0.682   0.00289
   5    0.788962     0.20922    0.9803   0.979   0.0904    920000   0.019   0.705   0.01542
  58    0.788216     0.20472    0.8416   0.913   0.0855   1030000   0.024   0.796   0.37284
  47    0.784969     0.36528    0.8558   0.819   0.0766    820000   0.042   0.689   0.08596
  37    0.781097     0.27093    0.9396   0.953   0.0878    980000   0.010   0.757   0.01515
  46    0.780412     0.30430    0.8996   0.614   0.0871    940000   0.026   0.652   0.01836
  19    0.777978     0.32875    0.8630   0.587   0.0733    980000   0.056   0.546   0.04750
   7    0.776939     0.29215    0.8351   0.982   0.0888   1180000   0.091   0.679   0.30769
  17    0.775924     0.31657    0.9631   0.899   0.0835    850000   0.040   0.634   0.03820
  65    0.771317     0.24197    0.8588   0.716   0.0828    910000   0.053   0.557   0.17334
  51    0.702059     0.38042    0.9877   0.630   0.0718    990000   0.084   0.668   0.20312
