================================================================================
BAYESIAN OPTIMIZATION RESULTS — A2C HYPERPARAMETERS
================================================================================

Date:              2026-03-07
Total trials:      110
Best trial:        #71
Best mean perf:    0.846550

BEST HYPERPARAMETERS
--------------------------------------------------------------------------------
  actor_lr                  = 0.00014357384148626853
  critic_lr                 = 0.003996560960682552
  discount_factor           = 0.925134925943391
  entropy_coeff             = 0.002318396641830523
  epsilon_initial           = 0.6679619246410725
  epsilon_min               = 0.08754052244921404
  num_episodes              = 50000
  actor_hidden_dim          = 64
  critic_hidden_dim         = 64
  n_hidden_layers           = 2

BEST TRIAL STATISTICS
--------------------------------------------------------------------------------
  Mean performance:   0.846550
  Std  performance:   0.066494
  Min  performance:   0.676583
  Max  performance:   0.966102

ALL TRIALS
--------------------------------------------------------------------------------
   #   mean_perf        a_lr        c_lr     gamma       ent    eps0  eps_min  episodes
--------------------------------------------------------------------------------
  71    0.846550    0.000144    0.003997    0.9251   0.00232   0.668   0.0875     50000
  30    0.833926    0.000427    0.000607    0.9217   0.00174   0.710   0.0896     75000
  33    0.833926    0.000373    0.001031    0.9603   0.00877   0.706   0.0998     75000
  34    0.833926    0.000467    0.000890    0.9551   0.00696   0.698   0.0992     75000
  35    0.833926    0.000419    0.003461    0.9836   0.00651   0.711   0.0913     50000
  36    0.833926    0.000418    0.004403    0.9866   0.00682   0.754   0.0987     50000
  37    0.833926    0.000499    0.002954    0.9724   0.00337   0.710   0.0907     50000
  38    0.833926    0.000216    0.005238    0.9549   0.00843   0.654   0.0941     75000
  39    0.833926    0.000148    0.001086    0.9627   0.01825   0.765   0.0994    100000
  44    0.833926    0.000853    0.007326    0.9445   0.00585   0.795   0.0951     75000
  45    0.833926    0.000853    0.007326    0.9445   0.00585   0.795   0.0951     75000
  46    0.833926    0.000421    0.004005    0.9891   0.00677   0.752   0.0998     50000
  48    0.833926    0.000364    0.004423    0.9612   0.01216   0.819   0.0924     50000
  52    0.833926    0.000527    0.001465    0.9812   0.00788   0.709   0.0874     50000
  53    0.833926    0.000527    0.001465    0.9812   0.00788   0.709   0.0874     75000
  57    0.833926    0.000176    0.009358    0.9893   0.00294   0.654   0.0905     75000
  59    0.833926    0.000477    0.002757    0.9560   0.00668   0.703   0.0819     50000
  67    0.833926    0.000211    0.004988    0.9494   0.00884   0.657   0.0979     75000
  68    0.833926    0.000108    0.003406    0.9842   0.01452   0.694   0.0976     75000
  69    0.833926    0.000106    0.005380    0.9631   0.00543   0.604   0.0857     50000
  70    0.833926    0.000472    0.003278    0.9851   0.01495   0.679   0.0999     75000
  77    0.833926    0.000155    0.006590    0.9043   0.00172   0.641   0.0942     75000
  87    0.833926    0.000333    0.007915    0.9580   0.05542   0.617   0.0980    125000
  89    0.833926    0.000396    0.005986    0.9415   0.01822   0.751   0.0877    275000
  91    0.833926    0.000448    0.001718    0.9334   0.00619   0.644   0.0843     50000
  93    0.833926    0.000145    0.000934    0.9592   0.00916   0.688   0.0927    100000
  97    0.833926    0.000190    0.003473    0.9464   0.00524   0.702   0.0939    100000
  99    0.833926    0.000159    0.000915    0.9645   0.00812   0.844   0.0866     50000
 101    0.833926    0.000128    0.000615    0.9678   0.00134   0.715   0.0421    150000
 104    0.833926    0.000664    0.005614    0.9551   0.00944   0.810   0.1000    125000
 105    0.833926    0.000889    0.008482    0.9608   0.00234   0.797   0.0971     75000
 107    0.833926    0.000411    0.006357    0.9230   0.01694   0.685   0.0912     50000
 110    0.833926    0.000546    0.003114    0.9580   0.00440   0.772   0.0932     50000
  73    0.832129    0.000145    0.003795    0.9148   0.00115   0.716   0.0884     50000
   4    0.827461    0.001674    0.000190    0.8909   0.00540   0.682   0.0828    100000
  32    0.827461    0.000420    0.000806    0.9537   0.00982   0.695   0.0803     75000
  42    0.827461    0.000630    0.002510    0.9750   0.00195   0.722   0.0859    125000
  43    0.827461    0.000630    0.002510    0.9750   0.00195   0.722   0.0859    125000
  50    0.827461    0.000238    0.005975    0.9694   0.00473   0.684   0.0962    100000
  56    0.827461    0.000538    0.003117    0.9745   0.00336   0.738   0.0926     50000
  14    0.816958    0.000304    0.000557    0.9327   0.01291   0.669   0.0840    175000
  49    0.816958    0.000342    0.000949    0.9612   0.01216   0.819   0.0924    100000
  74    0.816958    0.000294    0.004031    0.9118   0.00156   0.714   0.0727     50000
  92    0.816958    0.000121    0.001190    0.9631   0.03906   0.785   0.0987     75000
 102    0.816958    0.000769    0.006878    0.9414   0.01129   0.791   0.0952     75000
 103    0.816958    0.000517    0.007570    0.9493   0.00584   0.842   0.0944     50000
  16    0.816424    0.001735    0.000197    0.8900   0.00154   0.502   0.0534    175000
   1    0.807919    0.000300    0.001000    0.9900   0.01000   0.679   0.0850    100000
   3    0.807919    0.000110    0.008706    0.9665   0.00266   0.573   0.0347    125000
   6    0.807919    0.000175    0.000978    0.8548   0.06586   0.604   0.0730    125000
   8    0.807919    0.000599    0.000349    0.9660   0.00517   0.612   0.0634     75000
   9    0.807919    0.003503    0.000250    0.8508   0.04275   0.783   0.0783    250000
  10    0.807919    0.005324    0.001764    0.8963   0.00134   0.624   0.0460    250000
  11    0.807919    0.001905    0.000103    0.9102   0.01904   0.804   0.0504    200000
  12    0.807919    0.000319    0.000686    0.9310   0.00720   0.689   0.0952    175000
  13    0.807919    0.001054    0.000106    0.8846   0.00354   0.705   0.0690    100000
  15    0.807919    0.000671    0.000532    0.9297   0.02390   0.640   0.0987    300000
  17    0.807919    0.000256    0.001992    0.9123   0.01190   0.749   0.0219    200000
  18    0.807919    0.000989    0.000433    0.8777   0.03033   0.828   0.0821    225000
  20    0.807919    0.000123    0.001816    0.8706   0.00233   0.729   0.0890    300000
  21    0.807919    0.000430    0.000314    0.9016   0.00937   0.532   0.0752    150000
  22    0.807919    0.001454    0.000162    0.8921   0.00130   0.511   0.0545    175000
  24    0.807919    0.001149    0.000668    0.9436   0.00204   0.868   0.0462    150000
  26    0.807919    0.005114    0.000136    0.9046   0.00737   0.773   0.0599    175000
  27    0.807919    0.000798    0.000437    0.8870   0.00340   0.506   0.0722    100000
  40    0.807919    0.000349    0.001246    0.9803   0.00402   0.591   0.0903     50000
  47    0.807919    0.000421    0.004005    0.9891   0.00274   0.752   0.0998     50000
  51    0.807919    0.000238    0.005975    0.9694   0.00473   0.684   0.0968     50000
  54    0.807919    0.000267    0.000835    0.9804   0.02611   0.630   0.0776     75000
  55    0.807919    0.000267    0.000835    0.9873   0.02611   0.630   0.0776    125000
  60    0.807919    0.000737    0.002913    0.9492   0.00636   0.701   0.0971     50000
  61    0.807919    0.000690    0.002115    0.9666   0.00391   0.772   0.0959     50000
  63    0.807919    0.000301    0.000513    0.9717   0.01047   0.743   0.0911    100000
  64    0.807919    0.001190    0.000482    0.9368   0.08848   0.739   0.0927    100000
  65    0.807919    0.001209    0.000638    0.9377   0.00154   0.716   0.0286     75000
  66    0.807919    0.000210    0.004951    0.9516   0.00850   0.655   0.0936     75000
  72    0.807919    0.000132    0.000363    0.9244   0.00106   0.677   0.0888     50000
  75    0.807919    0.000598    0.000587    0.9279   0.00232   0.735   0.0806     50000
  76    0.807919    0.000600    0.002338    0.9280   0.00235   0.638   0.0946     75000
  85    0.807919    0.000373    0.000722    0.9765   0.00421   0.669   0.0842    100000
  86    0.807919    0.000488    0.004674    0.9661   0.00365   0.693   0.0658     50000
  88    0.807919    0.009971    0.001090    0.9190   0.00304   0.662   0.0911    225000
  94    0.807919    0.000226    0.000742    0.9722   0.00758   0.764   0.0997     75000
  95    0.807919    0.000318    0.001526    0.9531   0.02037   0.757   0.0963     50000
  96    0.807919    0.000172    0.001054    0.9782   0.01055   0.780   0.0974     50000
 100    0.807919    0.000946    0.000378    0.9722   0.00702   0.675   0.0921     75000
 106    0.807919    0.000357    0.004127    0.9158   0.00633   0.744   0.0889    100000
 108    0.807919    0.000595    0.004978    0.9467   0.00185   0.705   0.0961     75000
  31    0.807313    0.000204    0.001309    0.9225   0.01499   0.725   0.0891     75000
   5    0.807119    0.001641    0.000219    0.8591   0.07903   0.886   0.0847    125000
   2    0.805884    0.000561    0.007969    0.9525   0.01575   0.562   0.0325     50000
 109    0.804408    0.000455    0.005369    0.9346   0.00745   0.760   0.0983    100000
  98    0.795801    0.000247    0.002797    0.9851   0.01373   0.730   0.0901     75000
  58    0.795454    0.000181    0.009216    0.9562   0.00274   0.667   0.0826     75000
   7    0.792669    0.008693    0.003550    0.9815   0.06161   0.739   0.0937     50000
  19    0.792669    0.002582    0.000163    0.9378   0.00555   0.673   0.0659    150000
  25    0.792669    0.002217    0.000285    0.8679   0.00450   0.655   0.0388    250000
  62    0.792669    0.000379    0.001973    0.9697   0.01065   0.766   0.0904    100000
  90    0.787947    0.000282    0.004493    0.9767   0.00482   0.728   0.0956     75000
  23    0.480789    0.003453    0.000184    0.9190   0.00102   0.564   0.0587    200000
