================================================================================
BAYESIAN OPTIMIZATION RESULTS — Q-LEARNING HYPERPARAMETERS
================================================================================

Date:              2026-02-18
Total trials:      80
Best trial:        #50
Best mean perf:    0.844736

BEST HYPERPARAMETERS
--------------------------------------------------------------------------------
  learning_rate             = 0.28110558617690556
  discount_factor           = 0.9500336060605875
  epsilon_initial           = 0.5292542047283241
  epsilon_min               = 0.08796664682180029
  num_episodes              = 1000000
  warmup_ratio              = 0.052165618495463514
  target_ratio              = 0.7486830779760179
  penalty_coeff             = 0.06060976593621523

BEST TRIAL STATISTICS
--------------------------------------------------------------------------------
  Mean performance:   0.844736
  Std  performance:   0.082913
  Min  performance:   0.649489
  Max  performance:   1.000000

ALL TRIALS
--------------------------------------------------------------------------------
   #   mean_perf          lr     gamma    eps0  eps_min  episodes  warmup  target      beta
----------------------------------------------------------------------------------------------------
  50    0.844736     0.28111    0.9500   0.529   0.0880   1000000   0.052   0.749   0.06061
  14    0.838631     0.20357    0.8756   0.757   0.0999    900000   0.045   0.561   0.01343
  77    0.836796     0.26355    0.8806   0.514   0.0999    800000   0.041   0.543   0.03071
  64    0.832828     0.23191    0.9044   0.526   0.0982   1000000   0.058   0.532   0.03081
  48    0.832163     0.28148    0.8708   0.548   0.0876   1000000   0.053   0.521   0.08076
   4    0.829955     0.20922    0.9803   0.979   0.0904    800000   0.019   0.705   0.01542
  32    0.828703     0.20009    0.8882   0.963   0.0957   1000000   0.057   0.504   0.02737
  63    0.828481     0.23144    0.8977   0.608   0.0989    800000   0.072   0.542   0.04612
  70    0.828010     0.26794    0.8873   0.591   0.0957   1000000   0.045   0.519   0.02347
  42    0.827895     0.20024    0.8348   0.967   0.0962   1000000   0.066   0.503   0.01713
  76    0.827778     0.21181    0.8668   0.595   0.0933   1000000   0.044   0.663   0.00831
  21    0.825838     0.21701    0.8851   0.666   0.0941    800000   0.073   0.593   0.02171
  28    0.825240     0.20060    0.8577   0.949   0.0965   1000000   0.063   0.502   0.01474
   5    0.824302     0.21765    0.8941   0.421   0.0955    800000   0.070   0.594   0.02533
  25    0.823580     0.23367    0.8504   0.696   0.0779    800000   0.084   0.665   0.01419
  10    0.822625     0.38507    0.8011   0.982   0.0509    800000   0.051   0.788   0.06700
  18    0.822452     0.27061    0.9313   0.726   0.0907    800000   0.043   0.800   0.00557
  12    0.822401     0.22569    0.9874   0.777   0.0932    800000   0.059   0.683   0.02073
  69    0.822004     0.24815    0.8736   0.640   0.0931    800000   0.061   0.546   0.06385
  73    0.821941     0.25362    0.8913   0.614   0.0987   1000000   0.050   0.558   0.04097
  44    0.821927     0.20012    0.8278   0.875   0.0919   1000000   0.037   0.550   0.01881
  37    0.821748     0.20900    0.8763   0.769   0.0926    800000   0.019   0.588   0.00722
  23    0.821591     0.21797    0.8816   0.595   0.0838    800000   0.065   0.574   0.05639
  79    0.821149     0.23263    0.8534   0.561   0.0999    800000   0.036   0.571   0.05419
  20    0.821113     0.20198    0.8088   0.805   0.0940    700000   0.060   0.707   0.03727
  67    0.820812     0.22164    0.9050   0.526   0.0724    700000   0.026   0.532   0.08969
   7    0.820557     0.21265    0.8372   0.427   0.0663    800000   0.034   0.749   0.00918
  24    0.820485     0.25649    0.9155   0.544   0.0999    900000   0.049   0.628   0.00547
  72    0.819939     0.27186    0.8822   0.535   0.0953   1000000   0.035   0.722   0.02123
  31    0.819510     0.20943    0.8584   0.950   0.0963   1000000   0.062   0.507   0.01601
  43    0.818874     0.21490    0.8379   0.974   0.0885   1000000   0.066   0.530   0.02638
  16    0.818205     0.23856    0.8707   0.753   0.0856    900000   0.038   0.726   0.00114
   2    0.817557     0.24695    0.8997   0.659   0.0646    900000   0.023   0.588   0.00975
  62    0.817234     0.20429    0.8639   0.702   0.0898    800000   0.068   0.646   0.03522
  74    0.816984     0.28146    0.9184   0.600   0.0955   1000000   0.055   0.512   0.02551
  78    0.816885     0.26369    0.8975   0.438   0.0993    800000   0.041   0.545   0.03064
  22    0.816633     0.21444    0.8861   0.668   0.0941    800000   0.081   0.607   0.02014
  46    0.816382     0.20776    0.8453   1.000   0.0977    800000   0.073   0.576   0.02897
  13    0.816064     0.32516    0.9165   0.588   0.0823    700000   0.074   0.639   0.08618
  27    0.814872     0.22074    0.8234   0.742   0.0897    900000   0.030   0.771   0.00568
  47    0.814861     0.21489    0.8158   0.922   0.0653    900000   0.097   0.689   0.01110
  45    0.814745     0.22691    0.9036   0.931   0.0946   1000000   0.068   0.510   0.00749
  52    0.813749     0.28784    0.9574   0.551   0.0914   1000000   0.056   0.759   0.22708
  19    0.812830     0.23047    0.8470   0.907   0.0505    900000   0.012   0.559   0.14193
  66    0.812487     0.22881    0.9092   0.554   0.0991   1000000   0.048   0.741   0.07440
  61    0.810640     0.20432    0.8856   0.574   0.0944    800000   0.079   0.564   0.01348
  59    0.808194     0.27852    0.9219   0.828   0.0757   1000000   0.063   0.515   0.02385
  54    0.806898     0.31552    0.9705   0.447   0.0819   1000000   0.051   0.730   0.06907
  56    0.806256     0.30139    0.8760   0.576   0.0840   1000000   0.033   0.525   0.03764
   9    0.806079     0.20077    0.9549   0.824   0.0865   1000000   0.017   0.608   0.00205
   0    0.805322     0.25929    0.9806   0.839   0.0799    700000   0.024   0.517   0.21766
  29    0.805226     0.25629    0.8792   0.704   0.0816    700000   0.022   0.661   0.05370
  15    0.804693     0.20421    0.8653   0.901   0.0997    900000   0.044   0.522   0.00864
  34    0.803714     0.24868    0.9726   0.999   0.0552   1000000   0.027   0.576   0.01022
  55    0.803344     0.33652    0.9447   0.497   0.0979   1000000   0.060   0.702   0.05916
  17    0.803127     0.34163    0.9666   0.904   0.0738    900000   0.053   0.553   0.01357
  36    0.802972     0.23750    0.9458   0.890   0.0885    900000   0.070   0.615   0.04549
  58    0.802433     0.24686    0.9382   0.968   0.0614    900000   0.048   0.501   0.12983
   1    0.802411     0.30338    0.9345   0.412   0.0985   1000000   0.029   0.555   0.00313
  71    0.802043     0.28851    0.8981   0.567   0.0970   1000000   0.046   0.518   0.04900
  33    0.801216     0.21022    0.8919   0.948   0.0864   1000000   0.043   0.540   0.02817
  35    0.801150     0.22360    0.9005   0.618   0.0964    900000   0.058   0.539   0.02129
  39    0.799402     0.21847    0.8914   0.472   0.0792    900000   0.075   0.596   0.37251
   6    0.799284     0.29215    0.8351   0.982   0.0888   1000000   0.091   0.679   0.30769
  26    0.797588     0.20897    0.9118   0.861   0.0706    700000   0.078   0.521   0.03290
  57    0.797440     0.26246    0.9580   0.511   0.0904   1000000   0.054   0.548   0.01679
  75    0.796789     0.26796    0.8886   0.483   0.0913   1000000   0.019   0.533   0.01275
   8    0.796631     0.24300    0.9031   0.485   0.0901    700000   0.099   0.732   0.00344
  41    0.795646     0.20474    0.8592   0.951   0.0953   1000000   0.056   0.506   0.01154
  51    0.793585     0.27895    0.9816   0.529   0.0879   1000000   0.053   0.770   0.08106
  68    0.789256     0.24098    0.9638   0.501   0.0976    900000   0.052   0.785   0.03198
   3    0.785619     0.27436    0.9492   0.520   0.0757    900000   0.014   0.682   0.00289
  40    0.783611     0.26711    0.9264   0.663   0.1000    800000   0.010   0.714   0.16169
  30    0.783081     0.38656    0.9314   0.852   0.0919    800000   0.089   0.537   0.10114
  65    0.780324     0.23484    0.8942   0.612   0.0987    800000   0.059   0.539   0.04657
  11    0.775071     0.22556    0.8687   0.631   0.0980    800000   0.071   0.636   0.03912
  38    0.771082     0.29595    0.9110   0.801   0.0976   1000000   0.048   0.563   0.00375
  53    0.751011     0.30503    0.9898   0.414   0.0871   1000000   0.039   0.749   0.04493
  49    0.746618     0.36307    0.8691   0.467   0.0849   1000000   0.046   0.517   0.11068
  60    0.705478     0.39882    0.9776   0.631   0.0931    900000   0.041   0.526   0.20400
