0:
0 0 0 0 0 0 0 0 0 0 0 0 0 0 0 0 0 0 0 0 0 0 0 0 0 0 0 0 0 0 0 0 0 0 0 0 0 0 0 0 0 0 0 0 0 0 0 0 0 0 0 0 0 0 0 0 0 0 0 0 0 0 0 0 0 0 0 0 0 0 0 0 0 0 0 0 0 0 0 0 0 0 0 0 0 0 0 0 0 0 0 0 0 0 0 0 0 0 0 0 0 0 0 0 0 0 0 0 0 0 0 0 0 0 0 0 0 0 0 0 0 0 0 0 0 0 0 0 0 0 0 0 0 0 0 0 0 0 0 0 0 0 0 0 0 0 0 0 0 0 0 0 0 0 0 0 0 0 0 0 0 0 0 0 0 0 0 0 0 0 0 0 0 0 0 0 0 0 0 0 0 0 0 0 0 0 0 0 0 0 0 0 0 0 0 0 0 0 0 0 0 0 0 0 0 0 0 0 0 0 0 0 0 0 0 0 0 0 0 0 0 0 0 0 0 0 0 0 0 0 0 0 0 0 0 0 0 0 0 0 0 0 0 0 0 0 0 0 0 0 0 0 0 0 0 0 


1:
1 234 37 52 3 182 182 42 139 195 207 24 38 130 210 39 122 159 9 11 37 88 213 169 234 167 83 58 248 220 217 236 215 253 85 219 206 94 217 109 87 238 106 233 99 161 95 70 17 91 100 36 149 238 101 204 240 108 140 75 56 102 124 106 24 118 245 161 51 133 50 200 34 55 247 163 201 253 188 26 139 51 247 14 63 182 212 208 112 109 114 20 167 41 231 99 124 85 60 226 249 229 120 127 39 239 12 90 103 99 192 94 43 73 64 17 248 13 160 98 46 35 225 144 91 151 192 246 202 226 236 205 252 128 240 173 182 182 213 235 90 234 217 158 62 20 77 65 160 163 219 4 1 88 80 133 122 116 55 24 219 186 93 91 38 174 116 53 37 124 8 12 211 255 0 50 40 84 188 131 44 115 34 0 203 31 188 142 58 205 18 138 152 200 116 92 115 20 105 209 231 128 242 57 12 89 195 72 85 32 184 139 154 204 165 123 129 228 186 20 226 10 164 226 249 75 165 109 234 169 202 4 116 83 107 197 88 3 60 217 74 219 1 223 2 75 36 95 39 92 104 79 201 216 208 127 


2:
2 214 76 106 6 109 110 84 23 136 159 50 78 5 164 80 247 64 20 24 75 176 171 83 214 78 168 118 241 186 179 217 176 252 172 184 158 188 180 220 176 221 215 211 200 66 193 142 36 183 201 72 43 222 203 154 225 217 27 151 114 205 248 215 50 239 236 67 102 13 101 145 69 113 239 73 148 252 120 54 24 102 240 30 128 109 169 160 225 220 228 42 80 83 208 199 249 172 120 198 243 204 240 1 81 224 26 181 207 199 130 190 86 148 130 36 241 29 67 197 94 73 197 33 184 48 128 238 150 197 218 154 249 3 225 91 108 111 170 217 182 214 179 61 126 40 156 131 67 70 183 8 4 176 161 12 245 232 112 49 184 118 187 184 78 94 232 108 77 250 18 24 166 255 2 103 80 170 121 7 89 231 69 3 152 64 122 30 117 157 38 22 50 147 233 186 230 42 212 162 206 2 230 115 26 179 136 145 172 66 114 23 55 153 76 247 4 201 117 41 198 21 73 197 243 151 76 220 214 82 149 10 233 167 216 139 177 7 123 179 149 184 2 191 5 153 73 192 81 186 210 159 147 179 160 0 


3:
3 194 116 159 9 36 37 128 164 77 113 76 117 135 119 122 115 225 32 37 114 10 130 253 194 246 252 178 234 152 142 198 136 249 4 148 109 27 143 74 8 205 68 190 45 227 34 214 54 21 46 108 193 205 50 103 210 70 168 228 172 53 117 67 76 104 227 230 153 148 153 90 106 168 232 238 94 249 53 83 166 155 232 45 194 37 127 113 81 74 87 64 248 125 184 43 119 1 182 169 237 178 104 131 123 209 39 17 55 43 66 31 131 223 196 54 236 43 228 42 141 110 167 177 20 200 65 229 97 169 199 103 246 132 209 9 35 37 129 199 17 193 141 221 190 62 236 198 229 235 148 12 5 8 242 147 113 92 168 74 149 48 26 20 117 14 92 163 116 119 29 38 121 255 4 154 120 1 54 139 134 91 105 6 99 97 56 174 178 109 57 162 203 94 94 24 89 63 63 116 183 131 218 173 39 13 77 219 4 101 44 163 212 102 242 115 134 173 48 63 170 33 238 167 236 228 243 74 194 251 96 16 94 251 68 82 11 11 185 142 225 149 5 158 9 231 111 33 122 23 59 239 94 141 112 128 


4:
4 173 155 212 12 219 220 170 48 18 65 102 158 11 73 162 240 129 41 50 152 98 88 167 174 159 81 238 228 119 104 180 97 248 90 113 60 122 106 185 98 188 177 167 145 132 131 30 74 113 147 146 87 189 152 52 195 179 55 47 230 156 242 176 101 224 219 136 204 28 204 35 141 226 224 148 41 249 242 110 51 207 224 61 3 221 83 65 194 186 201 85 162 168 161 144 244 88 242 141 230 153 224 3 165 194 53 108 159 142 4 127 175 42 5 73 229 59 135 140 189 148 139 66 114 98 2 221 45 139 181 52 243 6 194 183 217 222 86 181 109 173 102 123 254 82 58 8 135 143 112 17 8 97 67 25 236 209 225 99 114 236 120 113 157 189 209 217 156 245 39 50 76 255 6 207 161 87 243 15 179 207 140 8 48 129 246 61 237 61 78 46 101 40 211 118 205 85 170 69 158 5 206 232 54 103 18 37 91 135 229 48 113 52 153 239 9 147 235 83 143 44 148 138 231 48 154 184 172 165 43 22 211 79 177 24 100 16 246 105 45 114 6 127 13 52 148 128 164 117 166 63 40 104 66 1 


5:
5 153 194 10 15 146 148 214 188 215 18 128 197 141 28 202 108 35 52 63 191 188 47 82 154 71 165 42 221 83 65 161 57 247 178 77 11 217 69 40 186 171 29 147 245 38 227 102 92 206 248 182 238 172 255 1 180 32 197 124 32 3 111 29 127 89 210 43 0 163 255 236 176 25 216 56 243 246 175 138 192 3 216 77 67 148 41 19 51 40 59 107 75 210 137 244 113 174 47 113 224 126 88 133 206 178 67 199 8 242 197 223 218 117 72 91 223 75 40 241 238 186 109 210 206 250 194 213 248 110 162 3 240 136 179 102 143 150 43 163 200 153 64 26 61 104 138 75 41 50 77 22 9 185 148 159 103 69 26 124 79 167 215 206 197 109 70 16 195 113 48 64 31 254 8 2 202 172 176 147 224 67 176 10 253 162 180 205 42 11 97 186 254 243 72 212 64 107 21 23 134 134 194 34 67 192 215 110 177 169 159 188 14 1 65 108 140 119 166 105 113 55 57 108 224 125 66 38 152 78 245 27 72 163 29 222 188 20 52 67 121 80 9 95 17 130 186 225 206 210 15 143 242 66 19 130 


6:
6 133 233 63 20 73 75 0 73 156 227 154 236 16 238 244 232 195 64 75 229 21 5 252 133 238 249 102 214 49 28 142 18 245 9 42 220 55 32 150 19 155 138 125 90 199 69 174 110 43 93 218 131 156 101 207 165 140 83 201 89 106 235 137 153 210 201 204 52 42 51 181 213 83 209 222 190 245 107 167 77 55 209 92 133 76 254 228 164 150 174 129 243 252 113 88 239 5 108 85 218 101 208 7 248 163 81 35 111 86 134 64 7 192 138 110 216 89 203 84 29 222 81 100 42 146 131 204 196 82 144 208 238 10 164 20 71 77 2 145 36 133 26 186 124 124 216 141 204 215 41 26 12 18 230 39 227 185 82 149 43 99 53 42 236 29 186 71 235 239 59 76 243 254 10 55 242 3 110 23 14 184 211 13 200 194 114 94 100 219 116 69 152 190 190 50 180 128 127 232 111 8 182 92 81 27 156 184 9 203 89 72 171 206 230 231 14 92 97 126 85 67 222 79 218 201 232 149 133 247 193 33 189 247 138 165 22 24 115 30 195 45 11 63 20 208 223 66 247 47 121 224 188 28 227 2 


7:
7 113 17 117 23 0 2 44 213 98 180 181 20 148 193 29 101 100 74 88 12 110 219 166 113 152 78 161 207 15 246 123 234 244 97 6 170 152 251 5 109 137 246 103 190 104 165 246 129 135 195 0 26 139 204 157 150 249 226 21 148 210 104 246 179 74 193 111 103 178 102 126 248 139 201 131 136 242 41 194 219 108 201 108 198 3 211 181 21 6 33 151 157 39 91 188 108 90 169 56 211 76 73 135 34 148 94 126 216 185 71 160 50 10 203 129 210 105 109 185 77 4 52 245 134 44 67 196 144 52 125 157 234 141 149 195 253 6 215 127 128 112 244 89 188 146 40 208 110 123 4 30 13 108 54 172 95 45 139 174 8 29 148 135 19 205 48 126 18 108 68 90 198 254 11 108 26 89 42 156 59 44 247 15 149 227 49 237 161 170 136 210 49 135 51 144 41 150 235 186 87 137 169 150 95 117 97 1 96 238 19 213 72 156 141 99 145 65 28 148 58 78 132 49 212 22 143 2 112 161 140 39 50 74 247 106 111 29 176 248 15 10 13 31 24 30 5 162 33 141 227 47 134 247 180 131 


8:
8 92 56 170 27 183 186 87 98 38 131 206 60 23 147 69 226 4 85 101 50 199 178 81 94 63 162 221 201 238 208 104 194 242 183 227 122 246 214 115 197 120 98 81 35 9 7 61 149 228 40 36 175 124 50 106 135 102 112 97 205 57 229 98 204 195 184 17 154 58 155 71 28 196 193 41 83 242 229 222 104 159 193 124 8 188 168 133 134 116 147 173 69 81 68 33 233 177 229 28 205 51 193 9 76 133 108 217 63 30 9 0 94 86 13 147 204 121 15 27 125 42 23 133 228 197 5 186 91 24 107 106 232 14 134 112 180 188 173 108 219 92 205 248 252 166 118 18 16 31 226 35 17 196 135 51 217 162 195 199 229 217 242 227 60 124 164 180 58 234 79 103 153 254 14 158 67 175 232 31 104 160 26 17 97 3 238 124 220 122 157 93 203 81 168 238 156 171 86 140 63 11 157 209 109 207 37 74 183 16 203 97 229 105 52 223 21 38 215 169 30 90 41 21 206 98 54 113 91 75 88 45 168 159 99 49 201 33 238 211 91 231 14 255 28 106 43 2 75 235 77 127 80 209 133 3 


9:
9 73 94 223 30 110 113 131 237 235 84 232 100 153 102 110 93 166 96 114 89 33 135 251 74 231 247 25 193 204 171 86 154 240 15 191 74 85 177 226 29 104 206 60 135 171 103 134 167 65 142 72 69 108 153 55 120 211 254 174 8 160 99 207 230 60 175 180 205 193 205 17 64 252 186 206 30 240 162 251 244 212 186 139 72 115 125 87 247 227 6 195 238 123 44 134 103 6 35 255 200 26 58 139 117 118 121 53 167 130 201 96 139 161 80 166 197 135 178 128 172 78 251 22 64 92 197 178 39 251 88 56 229 144 118 31 106 117 131 90 55 72 168 152 60 188 198 85 179 195 190 40 18 28 216 186 85 23 253 225 194 148 81 64 99 44 24 235 96 103 89 116 108 253 15 211 108 5 166 163 148 20 62 20 45 36 172 12 24 73 175 234 100 28 29 76 15 193 193 94 39 141 145 11 122 41 234 148 14 50 134 237 130 54 218 92 150 10 146 191 0 101 206 248 200 175 221 223 71 245 34 52 29 243 208 248 33 37 44 173 167 196 17 222 31 184 81 99 116 73 183 207 27 171 85 132 


10:
10 52 134 21 33 37 40 173 121 176 37 2 140 29 56 151 218 70 107 127 127 121 95 165 54 143 75 84 188 168 132 68 115 239 101 156 24 179 140 81 118 87 59 39 236 77 201 205 185 158 242 109 220 90 0 5 105 64 140 249 65 7 223 60 0 181 167 86 1 72 0 217 99 53 178 115 232 238 94 23 129 8 179 155 137 42 84 39 104 82 120 216 152 165 20 233 228 94 95 228 193 255 178 11 158 102 135 144 16 229 139 192 182 236 145 185 191 150 83 227 221 116 221 166 157 246 133 170 242 222 70 6 225 18 103 205 32 45 88 72 146 52 130 55 124 208 21 151 84 103 154 44 21 117 41 64 209 139 53 250 159 80 175 157 138 220 142 34 136 228 98 129 64 253 18 6 149 91 98 40 194 135 97 22 250 69 106 156 84 24 195 117 254 231 146 170 131 215 43 47 14 14 133 69 136 131 175 222 101 84 64 122 31 4 130 216 25 240 77 211 229 112 116 219 195 251 132 78 50 158 237 57 146 71 60 190 122 42 107 135 242 162 19 192 35 5 118 195 158 166 32 31 229 134 38 5 


11:
11 32 173 74 37 220 224 217 6 117 245 28 179 159 11 192 87 231 117 140 165 211 53 80 33 56 161 145 180 134 94 49 75 237 188 121 232 19 103 191 207 70 168 16 80 238 41 21 204 250 87 146 114 74 102 210 90 173 26 70 123 111 93 168 26 45 158 248 53 208 53 163 136 109 170 24 179 237 27 50 15 60 171 171 203 227 40 249 216 193 235 237 64 207 253 77 97 179 156 200 187 230 42 141 200 87 148 236 119 73 76 33 226 55 211 204 184 165 246 72 12 154 193 55 248 143 71 161 190 193 51 211 223 149 89 124 217 228 46 53 238 31 91 214 187 230 99 217 247 12 118 49 22 205 124 198 76 0 109 19 124 11 14 250 178 140 2 89 175 97 109 142 19 253 19 59 189 177 32 171 239 252 133 25 197 101 40 43 142 232 216 1 151 177 8 8 247 236 151 1 248 143 121 128 150 221 116 39 188 119 249 5 188 209 40 83 156 212 10 232 201 124 25 189 188 72 43 188 31 72 184 63 7 155 169 132 212 46 168 99 62 127 21 160 39 82 156 36 199 4 138 111 174 96 248 133 


12:
12 11 213 127 41 147 151 3 146 58 199 54 218 34 221 233 211 136 128 152 205 43 11 249 13 223 244 205 174 101 58 30 36 235 19 85 184 113 65 46 39 54 21 251 181 143 139 93 223 87 188 182 9 57 204 159 75 26 169 147 181 214 217 21 51 166 148 154 104 87 103 107 171 166 163 190 125 235 216 79 156 112 163 186 12 154 253 201 74 46 94 3 233 251 229 178 223 10 217 171 181 204 162 15 241 72 163 72 224 173 14 128 15 129 21 221 178 180 151 170 60 190 164 201 86 39 7 153 138 164 33 160 221 21 74 41 143 156 4 35 73 11 53 117 251 250 178 28 154 175 83 53 25 38 205 78 199 117 166 44 88 198 108 86 218 59 118 143 215 223 119 155 231 253 21 112 230 8 220 47 29 112 167 27 146 133 231 188 203 184 235 141 49 124 125 102 106 2 1 210 223 17 109 187 163 55 57 113 20 153 179 146 89 158 206 207 30 185 196 254 173 135 190 160 182 148 210 42 10 241 131 69 124 239 21 75 45 50 230 61 137 92 23 127 43 160 192 133 241 96 245 192 121 59 200 6 


13:
13 248 252 181 44 74 79 47 30 255 151 81 3 166 176 17 79 39 139 165 243 134 226 164 248 136 73 7 167 67 20 11 252 234 107 50 135 208 29 157 129 37 129 230 26 49 235 165 242 180 33 218 158 41 50 109 60 135 55 224 239 62 86 129 77 31 140 61 155 223 155 53 206 222 155 99 72 233 148 107 40 164 156 202 76 82 211 155 186 158 209 24 147 36 207 22 92 96 22 142 174 179 27 143 27 58 177 162 71 16 207 225 58 205 86 240 172 196 57 14 108 228 135 89 178 193 199 144 85 136 14 109 218 152 59 216 69 84 217 17 165 246 15 20 58 14 2 95 59 83 47 58 26 128 30 211 67 233 224 69 53 129 203 178 1 234 236 198 254 94 130 168 186 252 23 163 14 94 154 179 73 228 203 30 94 166 164 76 6 136 254 25 203 70 242 195 221 23 109 164 199 147 96 245 178 145 254 187 106 186 109 31 246 108 118 76 161 158 127 18 144 147 100 130 175 225 121 153 245 154 79 75 241 68 130 17 135 55 36 23 213 57 24 95 46 238 230 230 27 191 94 15 67 22 152 134 


14:
14 227 35 235 47 1 7 89 171 197 104 106 42 41 130 59 204 201 150 178 26 222 183 79 228 48 158 68 160 32 237 248 213 232 194 14 86 48 247 11 218 21 237 208 125 210 76 237 4 16 135 0 53 24 153 59 45 244 197 43 41 164 210 237 103 151 131 223 207 103 207 253 243 24 147 8 18 231 82 135 182 216 148 217 142 9 168 107 43 13 67 47 58 79 183 122 217 182 82 113 169 154 147 17 69 43 189 254 176 116 145 65 102 23 153 3 166 211 219 114 156 10 106 235 15 89 136 136 33 107 252 59 214 27 44 134 252 12 175 254 1 227 233 180 122 36 81 161 222 248 11 62 29 216 110 90 190 93 23 94 18 60 41 15 41 155 96 253 38 219 138 181 141 252 25 216 55 179 87 56 119 88 238 31 43 199 99 219 67 86 18 165 100 16 103 33 82 45 216 117 175 20 84 46 191 236 195 4 193 221 39 171 147 57 28 200 36 131 59 41 116 158 8 101 170 44 31 6 225 68 26 81 102 151 239 214 223 59 98 242 32 23 28 63 50 60 11 70 68 28 200 95 13 239 106 7 


15:
15 207 74 31 51 184 190 132 55 137 56 131 82 171 86 100 72 106 160 191 64 55 143 248 208 216 242 128 153 254 200 229 172 231 25 235 38 143 210 122 50 4 89 186 226 115 174 52 22 110 236 36 203 9 255 8 30 97 83 120 99 12 80 90 129 15 122 129 2 237 1 199 22 79 140 173 221 230 14 163 67 12 140 233 207 193 125 60 156 123 182 69 227 121 159 223 87 13 144 86 163 128 11 147 110 27 203 89 24 217 82 160 146 99 219 22 159 226 125 214 204 47 77 123 107 241 74 127 236 78 233 9 211 156 28 53 178 196 133 236 93 206 194 83 186 56 160 228 128 155 232 67 30 48 191 225 58 210 80 119 239 248 136 108 80 74 213 52 77 88 148 194 96 252 28 10 95 10 20 187 163 205 18 34 248 231 32 106 126 37 38 49 254 218 220 127 197 67 66 72 151 149 72 105 205 69 135 77 25 255 224 55 48 6 195 68 166 103 245 62 88 170 174 72 163 122 199 117 205 238 228 86 219 235 91 158 56 63 160 204 107 244 29 32 54 136 50 167 109 122 49 175 216 202 59 136 


